amount
120
18
40
0
20
40
60
0
90
240
80
15
0
20
150
90
80
0
46
270
120
30
0
2.5
120
120
45
60
0
120
0
130
180
0
97
30
90
45
0
0
30
120
20
240
0
60
20
240
45
15
30
25
120
0
120
0
45
0
60
60
30
180
120
90
15
120
0
780
0
90
60
150
63.2503
90
240
30
40
0
30
45
0
90
120
40
0
120
0
120
60
360
150
120
30
0
150
120
160
120
120
60
120
0
60
60
120
50
0
0
120
60
0
0
60
45
0
60
30
60
60
45
120
0
120
60
60
60
120
45
0
120
100
150
0
30
0
120
30
60
10
0
180
0
90
120
0
0
60
120
30
180
20
45
80
0
0
0
180
30
30
30
45
60
30
15
80
45
120
150
60
50
200
120
20
120
32
60
30
120
60
60
180
35
90
